{"assets":{"E26F0D16FA0C4D6EE240E53F9CA85B9A":{"type":"texture","index":6,"assetRequest":{"type":"slide","state":"contents","slide":"none"},"url":{"native":"assets\/E5D55F1B-A245-4F0F-B080-E195EF814920.pdf"},"width":134,"height":117},"6670B6F0093F73BA911FDAD9A49B3A44":{"type":"texture","index":5,"assetRequest":{"type":"slide","state":"contents","slide":"none"},"url":{"native":"assets\/E5D55F1B-A245-4F0F-B080-E195EF814920.pdf"},"width":38,"height":26},"55BBE0235F36D13A263B85C01B96D963":{"type":"texture","index":13,"assetRequest":{"type":"slide","state":"contents","slide":"none"},"url":{"native":"assets\/E5D55F1B-A245-4F0F-B080-E195EF814920.pdf"},"width":1920,"height":540},"FA7ADB2F0C06F4BAEFE07D2D979734A9":{"url":{"native":"assets\/E5D55F1B-A245-4F0F-B080-E195EF814920.pdf"},"height":1340,"movie":"Sea.gif-0.0000-1.4400","width":2000,"type":"texture","assetRequest":{"type":"slide","state":"contents","slide":"none"},"index":7},"D82CD5F0F35BAC1768889B88CFB91EC7":{"type":"texture","index":2,"assetRequest":{"type":"slide","state":"contents","slide":"none"},"url":{"native":"assets\/E5D55F1B-A245-4F0F-B080-E195EF814920.pdf"},"width":2000,"height":1340},"Sea.gif-0.0000-1.4400":{"type":"video","index":0,"assetRequest":{"type":"slide","state":"contents","slide":"none"},"url":{"web":"assets\/Sea.gif-0.0000-1.4400.gif","native":"assets\/Sea.gif-0.0000-1.4400.gif"},"width":500,"height":335},"3192F604DD613DA3058BCAFE4D5C80C8":{"type":"texture","index":8,"assetRequest":{"type":"slide","state":"contents","slide":"none"},"url":{"native":"assets\/E5D55F1B-A245-4F0F-B080-E195EF814920.pdf"},"width":1920,"height":1080},"65F27FD48E38E0DDE89FC6D47487516E":{"type":"texture","index":10,"assetRequest":{"type":"slide","state":"contents","slide":"none"},"url":{"native":"assets\/E5D55F1B-A245-4F0F-B080-E195EF814920.pdf"},"width":1920,"height":540},"F72CC1D010450430D29E2ECAC4B2750C":{"type":"texture","index":12,"assetRequest":{"type":"slide","state":"contents","slide":"none"},"url":{"native":"assets\/E5D55F1B-A245-4F0F-B080-E195EF814920.pdf"},"width":1920,"height":1080},"1B777D6CB93F47383407B14AC0E46831":{"type":"texture","index":3,"assetRequest":{"type":"slide","state":"contents","slide":"none"},"url":{"native":"assets\/E5D55F1B-A245-4F0F-B080-E195EF814920.pdf"},"width":1023,"height":58},"F86E4EF3F45CBFEE7D78E80E3F464E08":{"type":"texture","index":4,"assetRequest":{"type":"slide","state":"contents","slide":"none"},"url":{"native":"assets\/E5D55F1B-A245-4F0F-B080-E195EF814920.pdf"},"width":1230,"height":784},"5BA6DF7ACEF516F7DAB78587CF30CE20":{"type":"texture","index":0,"assetRequest":{"type":"slide","state":"contents","slide":"none"},"url":{"native":"assets\/E5D55F1B-A245-4F0F-B080-E195EF814920.pdf"},"width":1920,"height":1080},"D38F405156D312B398B2C2856DAEEA95":{"type":"texture","index":11,"assetRequest":{"type":"slide","state":"contents","slide":"none"},"url":{"native":"assets\/E5D55F1B-A245-4F0F-B080-E195EF814920.pdf"},"width":1920,"height":540},"81D6386F4D0597EDE5E14C815788BC38":{"type":"texture","index":9,"assetRequest":{"type":"slide","state":"contents","slide":"none"},"url":{"native":"assets\/E5D55F1B-A245-4F0F-B080-E195EF814920.pdf"},"width":1920,"height":1080},"684C63F5418E2C9427ED279C64D3E19F":{"type":"texture","index":1,"assetRequest":{"type":"slide","state":"contents","slide":"none"},"url":{"native":"assets\/E5D55F1B-A245-4F0F-B080-E195EF814920.pdf"},"width":1806,"height":974}},"events":[{"effects":[{"beginTime":0,"baseLayer":{"animations":[],"initialState":{"affineTransform":[1,0,0,1,0,0],"masksToBounds":false,"rotation":0,"scale":1,"position":{"pointX":960,"pointY":540},"width":2000,"sublayerTransform":[1,0,0,0,0,1,0,0,0,0,1,0,0,0,0,1],"contentsRect":{"y":0,"x":0,"width":1,"height":1},"opacity":1,"edgeAntialiasingMask":251658240,"height":1340,"hidden":false,"anchorPoint":{"pointX":0.5,"pointY":0.5}},"objectID":"ECDA8636-4674-4D80-9C3A-A669A8B10FCB","layers":[{"animations":[],"initialState":{"affineTransform":[1,0,0,1,0,0],"masksToBounds":false,"rotation":0,"scale":1,"position":{"pointX":1000,"pointY":670},"width":2000,"sublayerTransform":[1,0,0,0,0,1,0,0,0,0,1,-0.00035007912466775983,0,0,0,1],"contentsRect":{"y":0,"x":0,"width":1,"height":1},"opacity":1,"edgeAntialiasingMask":251658240,"height":1340,"hidden":false,"anchorPoint":{"pointX":0.5,"pointY":0.5}},"layers":[{"animations":[{"additive":false,"timeOffset":0,"beginTime":1e-100,"repeatCount":0,"fillMode":"both","duration":0.01,"autoreverses":false,"animations":[{"additive":false,"timeOffset":0,"beginTime":0,"from":{"scalar":false},"repeatCount":0,"fillMode":"removed","duration":0.01,"autoreverses":false,"property":"hidden","to":{"scalar":false},"removedOnCompletion":true},{"additive":false,"timeOffset":0,"beginTime":0,"from":{"scalar":true},"repeatCount":0,"fillMode":"removed","duration":0.01,"autoreverses":false,"property":"isPlaying","to":{"scalar":true},"removedOnCompletion":true}],"removedOnCompletion":false}],"layers":[],"texturedRectangle":{"isBackgroundTexture":true,"singleTextureOpacity":1,"textureType":5,"textBaseline":0,"textXHeight":0,"isVerticalText":false},"initialState":{"affineTransform":[1,0,0,1,0,0],"masksToBounds":false,"rotation":0,"scale":1,"position":{"pointX":1000,"pointY":670},"width":2000,"sublayerTransform":[1,0,0,0,0,1,0,0,0,0,1,0,0,0,0,1],"contentsRect":{"y":0,"x":0,"width":1,"height":1},"opacity":1,"edgeAntialiasingMask":0,"height":1340,"hidden":false,"anchorPoint":{"pointX":0.5,"pointY":0.5}},"texture":"D82CD5F0F35BAC1768889B88CFB91EC7"}]}]},"effects":[{"beginTime":0,"baseLayer":{"animations":[],"initialState":{"affineTransform":[1,0,0,1,0,0],"masksToBounds":false,"rotation":0,"scale":1,"position":{"pointX":960,"pointY":540},"width":2000,"sublayerTransform":[1,0,0,0,0,1,0,0,0,0,1,0,0,0,0,1],"contentsRect":{"y":0,"x":0,"width":1,"height":1},"opacity":1,"edgeAntialiasingMask":251658240,"height":1340,"hidden":false,"anchorPoint":{"pointX":0.5,"pointY":0.5}},"objectID":"ECDA8636-4674-4D80-9C3A-A669A8B10FCB","layers":[{"animations":[],"layers":[],"texturedRectangle":{"isBackgroundTexture":true,"singleTextureOpacity":1,"textureType":5,"textBaseline":0,"textXHeight":0,"isVerticalText":false},"initialState":{"affineTransform":[1,0,0,1,0,0],"masksToBounds":false,"rotation":0,"scale":1,"position":{"pointX":1000,"pointY":670},"width":2000,"sublayerTransform":[1,0,0,0,0,1,0,0,0,0,1,0,0,0,0,1],"contentsRect":{"y":0,"x":0,"width":1,"height":1},"opacity":1,"edgeAntialiasingMask":0,"height":1340,"hidden":true,"anchorPoint":{"pointX":0.5,"pointY":0.5}},"texture":"D82CD5F0F35BAC1768889B88CFB91EC7"},{"animations":[],"layers":[],"isVideoLayer":true,"initialState":{"affineTransform":[-1,0,0,1,0,0],"masksToBounds":false,"rotation":0,"scale":1,"position":{"pointX":1000,"pointY":670},"width":2000,"sublayerTransform":[1,0,0,0,0,1,0,0,0,0,1,0,0,0,0,1],"contentsRect":{"y":0,"x":0,"width":1,"height":1},"opacity":1,"edgeAntialiasingMask":251658240,"height":1340,"hidden":false,"anchorPoint":{"pointX":0.5,"pointY":0.5}},"texture":"FA7ADB2F0C06F4BAEFE07D2D979734A9"}]},"effects":[],"movie":{"volume":1,"isStreaming":false,"isAudioOnly":false,"endTime":1.440000057220459,"startTime":0,"asset":"Sea.gif-0.0000-1.4400","loopMode":"looping"},"duration":0,"type":"buildIn","attributes":{"direction":0},"name":"renderMovie","objectID":"ECDA8636-4674-4D80-9C3A-A669A8B10FCB"}],"duration":0.01,"type":"buildIn","attributes":{"direction":0},"name":"apple:movie-start","objectID":"ECDA8636-4674-4D80-9C3A-A669A8B10FCB"}],"automaticPlay":true,"hyperlinks":[{"url":"?slideid=11A3AEE5-D5E4-4CF5-82F1-C1FA6320BA2B","events":{"11A3AEE5-D5E4-4CF5-82F1-C1FA6320BA2B":{"effects":[{"beginTime":0,"baseLayer":{"animations":[],"initialState":{"affineTransform":[1,0,0,1,0,0],"masksToBounds":false,"rotation":0,"scale":1,"position":{"pointX":960,"pointY":540},"width":1920,"sublayerTransform":[1,0,0,0,0,1,0,0,0,0,1,0,0,0,0,1],"contentsRect":{"y":0,"x":0,"width":1,"height":1},"opacity":1,"edgeAntialiasingMask":251658240,"height":1080,"hidden":false,"anchorPoint":{"pointX":0.5,"pointY":0.5}},"objectID":"0","layers":[{"animations":[],"initialState":{"affineTransform":[1,0,0,1,0,0],"masksToBounds":false,"rotation":0,"scale":1,"position":{"pointX":960,"pointY":540},"width":1920,"sublayerTransform":[1,0,0,0,0,1,0,0,0,0,1,-0.00035007912466775983,0,0,0,1],"contentsRect":{"y":0,"x":0,"width":1,"height":1},"opacity":1,"edgeAntialiasingMask":251658240,"height":1080,"hidden":false,"anchorPoint":{"pointX":0.5,"pointY":0.5}},"layers":[{"animations":[{"additive":false,"timeOffset":0,"beginTime":0,"repeatCount":0,"fillMode":"both","duration":1.5,"autoreverses":false,"animations":[{"repeatCount":0,"removedOnCompletion":true,"from":{"scalar":0.25},"timingFunction":"EaseOut","additive":false,"timeOffset":0,"autoreverses":false,"property":"opacity","fillMode":"removed","duration":1.5,"beginTime":0,"to":{"scalar":1}},{"additive":false,"timeOffset":0,"beginTime":0,"values":[{"transform":[0,0,-1,0,0,1,0,0,1,0,0,0,-960,0,960,1]},{"transform":[0.011444940665661414,0,-0.99993450452175092,0,0,1,0,0,0.99993450452175092,0,0.011444940665661414,0,-959.93712434088093,0,916.05358666842426,1]},{"transform":[0.042935662744197432,0,-0.99907783924212656,0,0,1,0,0,0.99907783924212656,0,0.042935662744197432,0,-959.11472567244152,0,795.24108458217427,1]},{"transform":[0.090788033328029691,0,-0.99587023903941851,0,0,1,0,0,0.99587023903941851,0,0.090788033328029691,0,-956.03542947784172,0,612.45375870245732,1]},{"transform":[0.15181406511182061,0,-0.98840906998783851,0,0,1,0,0,0.98840906998783851,0,0.15181406511182061,0,-948.87270718832497,0,382.10182863689857,1]},{"transform":[0.22307060841387727,0,-0.97480228952432335,0,0,1,0,0,0.97480228952432335,0,0.22307060841387727,0,-935.81019794335043,0,119.59696527727556,1]},{"transform":[0.30171296848215196,0,-0.95339880671715127,0,0,1,0,0,0.95339880671715127,0,0.30171296848215196,0,-915.26285444846519,0,-158.08446801414837,1]},{"transform":[0.38493370111098485,0,-0.92294422678133647,0,0,1,0,0,0.92294422678133647,0,0.38493370111098485,0,-886.02645771008304,0,-432.72068401233827,1]},{"transform":[0.46996694859607635,0,-0.88268401323876533,0,0,1,0,0,0.88268401323876533,0,0.46996694859607635,0,-847.37665270921468,0,-685.88533000815369,1]},{"transform":[0.55414014245852927,0,-0.83242339137967569,0,0,1,0,0,0.83242339137967569,0,0.55414014245852927,0,-799.12645572448866,0,-900.45868081283152,1]},{"transform":[0.63495633800387519,0,-0.7725480236391189,0,0,1,0,0,0.7725480236391189,0,0.63495633800387519,0,-741.6461026935541,0,-1062.2967648671554,1]},{"transform":[0.71019177876331707,0,-0.70400826513400794,0,0,1,0,0,0.70400826513400794,0,0.71019177876331707,0,-675.84793452864767,0,-1161.7290480020267,1]},{"transform":[0.77799475155842934,0,-0.62827077486346428,0,0,1,0,0,0.62827077486346428,0,0.77799475155842934,0,-603.13994386892568,0,-1194.594093851902,1]},{"transform":[0.83697359249393666,0,-0.54724327813852003,0,0,1,0,0,0.54724327813852003,0,0.83697359249393666,0,-525.35354701297922,0,-1162.6157855128358,1]},{"transform":[0.88626390694053359,0,-0.46318062055153081,0,0,1,0,0,0.46318062055153081,0,0.88626390694053359,0,-444.65339572946959,0,-1073.054117863637,1]},{"transform":[0.92556756874030266,0,-0.37858245561061737,0,0,1,0,0,0.37858245561061737,0,0.92556756874030266,0,-363.43915738619268,0,-937.70735785157831,1]},{"transform":[0.95515858815526278,0,-0.29609470017757006,0,0,1,0,0,0.29609470017757006,0,0.95515858815526278,0,-284.25091217046725,0,-771.46634448081977,1]},{"transform":[0.97585302603728663,0,-0.21842818401907457,0,0,1,0,0,0.21842818401907457,0,0.97585302603728663,0,-209.6910566583116,0,-590.70186151470375,1]},{"transform":[0.98894110357870912,0,-0.1483087780696912,0,0,1,0,0,0.1483087780696912,0,0.98894110357870912,0,-142.37642694690356,0,-411.78916180095371,1]},{"transform":[0.99607849692356232,0,-0.088473882962695538,0,0,1,0,0,0.088473882962695538,0,0.99607849692356232,0,-84.934927644187724,0,-250.04092223902205,1]},{"transform":[0.99912889739003885,0,-0.041730641022696954,0,0,1,0,0,0.041730641022696954,0,0.99912889739003885,0,-40.061415381789075,0,-119.24329482931122,1]},{"transform":[0.99993848884782222,0,-0.011091371454141605,0,0,1,0,0,0.011091371454141605,0,0.99993848884782222,0,-10.647716595975941,0,-31.882134221889643,1]},{"transform":[1,0,0,0,0,1,0,0,0,0,1,0,0,0,0,1]}],"repeatCount":0,"fillMode":"removed","duration":1.5,"autoreverses":false,"property":"transform","keyTimes":[0,0.045454545454545456,0.090909090909090912,0.13636363636363635,0.18181818181818182,0.22727272727272727,0.27272727272727271,0.31818181818181818,0.36363636363636365,0.40909090909090912,0.45454545454545453,0.5,0.54545454545454541,0.59090909090909094,0.63636363636363635,0.68181818181818177,0.72727272727272729,0.77272727272727271,0.81818181818181823,0.86363636363636365,0.90909090909090906,0.95454545454545459,1],"removedOnCompletion":true}],"removedOnCompletion":false}],"layers":[{"animations":[],"layers":[],"initialState":{"affineTransform":[1,0,0,1,0,0],"masksToBounds":false,"rotation":0,"scale":1,"position":{"pointX":960,"pointY":1350},"width":1920,"sublayerTransform":[1,0,0,0,0,1,0,0,0,0,1,0,0,0,0,1],"contentsRect":{"y":0,"x":0,"width":1,"height":1},"opacity":1,"edgeAntialiasingMask":251658240,"height":540,"hidden":false,"anchorPoint":{"pointX":0.5,"pointY":0.5}},"texture":"65F27FD48E38E0DDE89FC6D47487516E"}],"texturedRectangle":{"isBackgroundTexture":false,"singleTextureOpacity":1,"textureType":0,"textBaseline":0,"textXHeight":0,"isVerticalText":false},"initialState":{"affineTransform":[1,0,0,1,0,0],"masksToBounds":false,"rotation":0,"scale":1,"position":{"pointX":960,"pointY":540},"width":1920,"sublayerTransform":[1,0,0,0,0,1,0,0,0,0,1,0,0,0,0,1],"contentsRect":{"y":0,"x":0,"width":1,"height":1},"opacity":1,"edgeAntialiasingMask":201326592,"height":1080,"hidden":false,"anchorPoint":{"pointX":0.5,"pointY":0.5}},"texture":"81D6386F4D0597EDE5E14C815788BC38"},{"animations":[{"additive":false,"timeOffset":0,"beginTime":0,"repeatCount":0,"fillMode":"both","duration":1.5,"autoreverses":false,"animations":[{"repeatCount":0,"removedOnCompletion":true,"from":{"scalar":1},"timingFunction":"EaseIn","additive":false,"timeOffset":0,"autoreverses":false,"property":"opacity","fillMode":"removed","duration":1.5,"beginTime":0,"to":{"scalar":0.25}},{"additive":false,"timeOffset":0,"beginTime":0,"values":[{"transform":[1,0,0,0,0,1,0,0,0,0,1,0,0,0,0,1]},{"transform":[0.99993450452175092,0,0.011444940665661292,0,0,1,0,0,-0.011444940665661292,0,0.99993450452175092,0,10.987143039034841,0,-32.896394633421622,1]},{"transform":[0.99907783924212656,0,0.042935662744197411,0,0,1,0,0,-0.042935662744197411,0,0.99907783924212656,0,41.218236234429511,0,-122.65540485583765,1]},{"transform":[0.99587023903941851,0,0.09078803332802958,0,0,1,0,0,-0.09078803332802958,0,0.99587023903941851,0,87.156511994908399,0,-256.4251587804759,1]},{"transform":[0.98840906998783851,0,0.15181406511182063,0,0,1,0,0,-0.15181406511182063,0,0.98840906998783851,0,145.7415025073478,0,-421.02937604407862,1]},{"transform":[0.97480228952432335,0,0.22307060841387727,0,0,1,0,0,-0.22307060841387727,0,0.97480228952432335,0,214.14778407732217,0,-602.0654485887527,1]},{"transform":[0.95339880671715127,0,0.3017129684821519,0,0,1,0,0,-0.3017129684821519,0,0.95339880671715127,0,289.64444974286585,0,-783.70287271974769,1]},{"transform":[0.92294422678133647,0,0.38493370111098468,0,0,1,0,0,-0.38493370111098468,0,0.92294422678133647,0,369.5363530665453,0,-949.21078865587583,1]},{"transform":[0.88268401323876533,0,0.46996694859607635,0,0,1,0,0,-0.46996694859607635,0,0.88268401323876533,0,451.16827065223328,0,-1082.0937120651352,1]},{"transform":[0.8324233913796758,0,0.55414014245852927,0,0,1,0,0,-0.55414014245852927,0,0.8324233913796758,0,531.97453676018813,0,-1167.6105997771322,1]},{"transform":[0.7725480236391189,0,0.63495633800387519,0,0,1,0,0,-0.63495633800387519,0,0.7725480236391189,0,609.55808448372022,0,-1194.3847830769894,1]},{"transform":[0.70400826513400805,0,0.71019177876331696,0,0,1,0,0,-0.71019177876331696,0,0.70400826513400805,0,681.78410761278428,0,-1155.7928749178902,1]},{"transform":[0.62827077486346439,0,0.77799475155842923,0,0,1,0,0,-0.77799475155842923,0,0.62827077486346439,0,746.87496149609206,0,-1050.8590762247356,1]},{"transform":[0.54724327813852014,0,0.83697359249393655,0,0,1,0,0,-0.83697359249393655,0,0.54724327813852014,0,803.49464879417906,0,-884.47468373163588,1]},{"transform":[0.46318062055153086,0,0.88626390694053359,0,0,1,0,0,-0.88626390694053359,0,0.46318062055153086,0,850.81335066291228,0,-666.8941629301944,1]},{"transform":[0.37858245561061743,0,0.92556756874030266,0,0,1,0,0,-0.92556756874030266,0,0.37858245561061743,0,888.5448659906906,0,-412.60164924708045,1]},{"transform":[0.29609470017757011,0,0.95515858815526278,0,0,1,0,0,-0.95515858815526278,0,0.29609470017757011,0,916.9522446290523,0,-138.76501202223477,1]},{"transform":[0.21842818401907463,0,0.97585302603728663,0,0,1,0,0,-0.97585302603728663,0,0.21842818401907463,0,936.81890499579515,0,136.42598682277975,1]},{"transform":[0.14830877806969125,0,0.98894110357870912,0,0,1,0,0,-0.98894110357870912,0,0.14830877806969125,0,949.38345943556078,0,395.21787068770345,1]},{"transform":[0.088473882962695594,0,0.99607849692356232,0,0,1,0,0,-0.99607849692356232,0,0.088473882962695594,0,956.23535704661981,0,621.25950716341003,1]},{"transform":[0.041730641022697017,0,0.99912889739003885,0,0,1,0,0,-0.99912889739003885,0,0.041730641022697017,0,959.16374149443732,0,799.85903128333689,1]},{"transform":[0.011091371454141666,0,0.99993848884782222,0,0,1,0,0,-0.99993848884782222,0,0.011091371454141666,0,959.94094929390928,0,917.41109847604366,1]},{"transform":[0,0,1,0,0,1,0,0,-1,0,0,0,960,0,959.99999999999977,1]}],"repeatCount":0,"fillMode":"removed","duration":1.5,"autoreverses":false,"property":"transform","keyTimes":[0,0.045454545454545456,0.090909090909090912,0.13636363636363635,0.18181818181818182,0.22727272727272727,0.27272727272727271,0.31818181818181818,0.36363636363636365,0.40909090909090912,0.45454545454545453,0.5,0.54545454545454541,0.59090909090909094,0.63636363636363635,0.68181818181818177,0.72727272727272729,0.77272727272727271,0.81818181818181823,0.86363636363636365,0.90909090909090906,0.95454545454545459,1],"removedOnCompletion":true}],"removedOnCompletion":false}],"layers":[{"animations":[],"layers":[],"initialState":{"affineTransform":[1,0,0,1,0,0],"masksToBounds":false,"rotation":0,"scale":1,"position":{"pointX":960,"pointY":1350},"width":1920,"sublayerTransform":[1,0,0,0,0,1,0,0,0,0,1,0,0,0,0,1],"contentsRect":{"y":0,"x":0,"width":1,"height":1},"opacity":1,"edgeAntialiasingMask":251658240,"height":540,"hidden":false,"anchorPoint":{"pointX":0.5,"pointY":0.5}},"texture":"D38F405156D312B398B2C2856DAEEA95"}],"texturedRectangle":{"isBackgroundTexture":false,"singleTextureOpacity":1,"textureType":0,"textBaseline":0,"textXHeight":0,"isVerticalText":false},"initialState":{"affineTransform":[1,0,0,1,0,0],"masksToBounds":false,"rotation":0,"scale":1,"position":{"pointX":960,"pointY":540},"width":1920,"sublayerTransform":[1,0,0,0,0,1,0,0,0,0,1,0,0,0,0,1],"contentsRect":{"y":0,"x":0,"width":1,"height":1},"opacity":1,"edgeAntialiasingMask":201326592,"height":1080,"hidden":false,"anchorPoint":{"pointX":0.5,"pointY":0.5}},"texture":"3192F604DD613DA3058BCAFE4D5C80C8"}]}]},"effects":[],"duration":1.5,"type":"transition","attributes":{"direction":11},"name":"com.apple.iWork.Keynote.BLTReflection","objectID":"0"}],"automaticPlay":false,"hyperlinks":[],"accessibility":[],"baseLayer":{"animations":[],"initialState":{"affineTransform":[1,0,0,1,0,0],"masksToBounds":false,"rotation":0,"scale":1,"position":{"pointX":960,"pointY":540},"width":1920,"sublayerTransform":[1,0,0,0,0,1,0,0,0,0,1,0,0,0,0,1],"contentsRect":{"y":0,"x":0,"width":1,"height":1},"opacity":1,"edgeAntialiasingMask":251658240,"height":1080,"hidden":false,"anchorPoint":{"pointX":0.5,"pointY":0.5}},"objectID":"0","layers":[{"animations":[],"initialState":{"affineTransform":[1,0,0,1,0,0],"masksToBounds":false,"rotation":0,"scale":1,"position":{"pointX":960,"pointY":540},"width":1920,"sublayerTransform":[1,0,0,0,0,1,0,0,0,0,1,-0.00035007912466775983,0,0,0,1],"contentsRect":{"y":0,"x":0,"width":1,"height":1},"opacity":1,"edgeAntialiasingMask":251658240,"height":1080,"hidden":false,"anchorPoint":{"pointX":0.5,"pointY":0.5}},"layers":[{"animations":[],"layers":[],"texturedRectangle":{"isBackgroundTexture":false,"singleTextureOpacity":1,"textureType":0,"textBaseline":0,"textXHeight":0,"isVerticalText":false},"initialState":{"affineTransform":[1,0,0,1,0,0],"masksToBounds":false,"rotation":0,"scale":1,"position":{"pointX":960,"pointY":540},"width":1920,"sublayerTransform":[1,0,0,0,0,1,0,0,0,0,1,0,0,0,0,1],"contentsRect":{"y":0,"x":0,"width":1,"height":1},"opacity":1,"edgeAntialiasingMask":0,"height":1080,"hidden":false,"anchorPoint":{"pointX":0.5,"pointY":0.5}},"texture":"3192F604DD613DA3058BCAFE4D5C80C8"}]}]}}},"targetRectangle":{"y":964.37243430770673,"x":15.274555098970321,"width":124.63385327944806,"height":103.83949964039289}}],"accessibility":[{"text":"chalk_line_hd.png","targetRectangle":{"y":39,"x":58,"width":1804,"height":972}},{"text":"Trama: la morte di luca","targetRectangle":{"y":74,"x":137,"width":1020.0959972856044,"height":90}},{"text":"Durante il matrimonio fra Mena e Brasi Cipolla, arriva la notizia che Luca è morto.","targetRectangle":{"y":205.08016967773438,"x":380.35714721679688,"width":1098.2199999999998,"height":118}},{"text":"Padron Cipolla interrompe il fidanzamento tra Mena e Brasi.","targetRectangle":{"y":323.08016967773438,"x":380.35714721679688,"width":1081.4069999999999,"height":145.52000045776367}},{"text":"A Catania scoppia un’epidemia di Colera.","targetRectangle":{"y":468.60017013549805,"x":391.40814721679686,"width":812.78599999999983,"height":86.520000457763672}},{"text":"Maruzza si ammala di Colera e muore.","targetRectangle":{"y":555.12017059326172,"x":380.35714721679688,"width":749.96299999999997,"height":86.520000457763672}},{"text":"Padron ‘Ntoni decide di vendere la Provvidenza a zio Crocifisso. ","targetRectangle":{"y":641.64017105102539,"x":380.35714721679688,"width":1063.261,"height":145.52000045776367}},{"text":"Scoppia una rissa tra ‘Ntoni e Don Michele(corteggiatore di Lia). ","targetRectangle":{"y":787.16017150878906,"x":380.35714721679688,"width":1155.9689999999998,"height":145.52000045776367}},{"text":"￼","targetRectangle":{"y":1029,"x":944.7359619140625,"width":31.008000000000038,"height":33}}],"baseLayer":{"animations":[],"initialState":{"affineTransform":[1,0,0,1,0,0],"masksToBounds":false,"rotation":0,"scale":1,"position":{"pointX":960,"pointY":540},"width":1920,"sublayerTransform":[1,0,0,0,0,1,0,0,0,0,1,0,0,0,0,1],"contentsRect":{"y":0,"x":0,"width":1,"height":1},"opacity":1,"edgeAntialiasingMask":251658240,"height":1080,"hidden":false,"anchorPoint":{"pointX":0.5,"pointY":0.5}},"layers":[{"animations":[],"initialState":{"affineTransform":[1,0,0,1,0,0],"masksToBounds":false,"rotation":0,"scale":1,"position":{"pointX":960,"pointY":540},"width":1920,"sublayerTransform":[1,0,0,0,0,1,0,0,0,0,1,0,0,0,0,1],"contentsRect":{"y":0,"x":0,"width":1,"height":1},"opacity":1,"edgeAntialiasingMask":251658240,"height":1080,"hidden":false,"anchorPoint":{"pointX":0.5,"pointY":0.5}},"layers":[{"animations":[],"initialState":{"affineTransform":[1,0,0,1,0,0],"masksToBounds":false,"rotation":0,"scale":1,"position":{"pointX":960,"pointY":540},"width":1920,"sublayerTransform":[1,0,0,0,0,1,0,0,0,0,1,0,0,0,0,1],"contentsRect":{"y":0,"x":0,"width":1,"height":1},"opacity":1,"edgeAntialiasingMask":251658240,"height":1080,"hidden":false,"anchorPoint":{"pointX":0.5,"pointY":0.5}},"layers":[{"animations":[],"layers":[],"texturedRectangle":{"isBackgroundTexture":true,"singleTextureOpacity":1,"textureType":1,"textBaseline":0,"textXHeight":0,"isVerticalText":false},"initialState":{"affineTransform":[1,0,0,1,0,0],"masksToBounds":false,"rotation":0,"scale":1,"position":{"pointX":960,"pointY":540},"width":1920,"sublayerTransform":[1,0,0,0,0,1,0,0,0,0,1,0,0,0,0,1],"contentsRect":{"y":0,"x":0,"width":1,"height":1},"opacity":1,"edgeAntialiasingMask":0,"height":1080,"hidden":false,"anchorPoint":{"pointX":0.5,"pointY":0.5}},"texture":"5BA6DF7ACEF516F7DAB78587CF30CE20"}]}]},{"animations":[],"initialState":{"affineTransform":[1,0,0,1,0,0],"masksToBounds":false,"rotation":0,"scale":1,"position":{"pointX":960,"pointY":540},"width":1920,"sublayerTransform":[1,0,0,0,0,1,0,0,0,0,1,0,0,0,0,1],"contentsRect":{"y":0,"x":0,"width":1,"height":1},"opacity":1,"edgeAntialiasingMask":251658240,"height":1080,"hidden":false,"anchorPoint":{"pointX":0.5,"pointY":0.5}},"layers":[{"animations":[],"initialState":{"affineTransform":[1,0,0,1,0,0],"masksToBounds":false,"rotation":0,"scale":1,"position":{"pointX":961,"pointY":526},"width":1806,"sublayerTransform":[1,0,0,0,0,1,0,0,0,0,1,0,0,0,0,1],"contentsRect":{"y":0,"x":0,"width":1,"height":1},"opacity":0.44999998807907104,"edgeAntialiasingMask":251658240,"height":974,"hidden":false,"anchorPoint":{"pointX":0.5,"pointY":0.5}},"layers":[{"animations":[],"layers":[],"texturedRectangle":{"isBackgroundTexture":true,"singleTextureOpacity":0.44999998807907104,"textureType":5,"textBaseline":0,"textXHeight":0,"isVerticalText":false},"initialState":{"affineTransform":[1,0,0,1,0,0],"masksToBounds":false,"rotation":0,"scale":1,"position":{"pointX":902,"pointY":486},"width":1806,"sublayerTransform":[1,0,0,0,0,1,0,0,0,0,1,0,0,0,0,1],"contentsRect":{"y":0,"x":0,"width":1,"height":1},"opacity":1,"edgeAntialiasingMask":0,"height":974,"hidden":false,"anchorPoint":{"pointX":0.5,"pointY":0.5}},"texture":"684C63F5418E2C9427ED279C64D3E19F"}]}]},{"animations":[],"initialState":{"affineTransform":[1,0,0,1,0,0],"masksToBounds":false,"rotation":0,"scale":1,"position":{"pointX":960,"pointY":540},"width":1920,"sublayerTransform":[1,0,0,0,0,1,0,0,0,0,1,0,0,0,0,1],"contentsRect":{"y":0,"x":0,"width":1,"height":1},"opacity":1,"edgeAntialiasingMask":251658240,"height":1080,"hidden":false,"anchorPoint":{"pointX":0.5,"pointY":0.5}},"layers":[{"animations":[],"initialState":{"affineTransform":[1,0,0,1,0,0],"masksToBounds":false,"rotation":0,"scale":1,"position":{"pointX":960,"pointY":540},"width":2000,"sublayerTransform":[1,0,0,0,0,1,0,0,0,0,1,0,0,0,0,1],"contentsRect":{"y":0,"x":0,"width":1,"height":1},"opacity":1,"edgeAntialiasingMask":251658240,"height":1340,"hidden":false,"anchorPoint":{"pointX":0.5,"pointY":0.5}},"objectID":"ECDA8636-4674-4D80-9C3A-A669A8B10FCB","layers":[{"animations":[],"layers":[],"texturedRectangle":{"isBackgroundTexture":true,"singleTextureOpacity":1,"textureType":5,"textBaseline":0,"textXHeight":0,"isVerticalText":false},"initialState":{"affineTransform":[1,0,0,1,0,0],"masksToBounds":false,"rotation":0,"scale":1,"position":{"pointX":1000,"pointY":670},"width":2000,"sublayerTransform":[1,0,0,0,0,1,0,0,0,0,1,0,0,0,0,1],"contentsRect":{"y":0,"x":0,"width":1,"height":1},"opacity":1,"edgeAntialiasingMask":0,"height":1340,"hidden":false,"anchorPoint":{"pointX":0.5,"pointY":0.5}},"texture":"D82CD5F0F35BAC1768889B88CFB91EC7"}]}]},{"animations":[],"initialState":{"affineTransform":[1,0,0,1,0,0],"masksToBounds":false,"rotation":0,"scale":1,"position":{"pointX":960,"pointY":540},"width":1920,"sublayerTransform":[1,0,0,0,0,1,0,0,0,0,1,0,0,0,0,1],"contentsRect":{"y":0,"x":0,"width":1,"height":1},"opacity":1,"edgeAntialiasingMask":251658240,"height":1080,"hidden":false,"anchorPoint":{"pointX":0.5,"pointY":0.5}},"layers":[{"animations":[],"initialState":{"affineTransform":[1,0,0,1,0,0],"masksToBounds":false,"rotation":0,"scale":1,"position":{"pointX":644.5,"pointY":99},"width":1023,"sublayerTransform":[1,0,0,0,0,1,0,0,0,0,1,0,0,0,0,1],"contentsRect":{"y":0,"x":0,"width":1,"height":1},"opacity":1,"edgeAntialiasingMask":251658240,"height":58,"hidden":false,"anchorPoint":{"pointX":0.5,"pointY":0.5}},"layers":[{"animations":[],"layers":[],"texturedRectangle":{"singleTextureOpacity":1,"textXHeight":0.56668965517241388,"textBaseline":0.87662374562230605,"isBackgroundTexture":true,"isVerticalText":false,"textColor":[0,0,0,1],"textureType":6},"initialState":{"affineTransform":[1,0,0,1,0,0],"masksToBounds":false,"rotation":0,"scale":1,"position":{"pointX":511.5,"pointY":48},"width":1023,"sublayerTransform":[1,0,0,0,0,1,0,0,0,0,1,0,0,0,0,1],"contentsRect":{"y":0,"x":0,"width":1,"height":1},"opacity":1,"edgeAntialiasingMask":0,"height":58,"hidden":false,"anchorPoint":{"pointX":0.5,"pointY":0.5}},"texture":"1B777D6CB93F47383407B14AC0E46831"}]}]},{"animations":[],"initialState":{"affineTransform":[1,0,0,1,0,0],"masksToBounds":false,"rotation":0,"scale":1,"position":{"pointX":960,"pointY":540},"width":1920,"sublayerTransform":[1,0,0,0,0,1,0,0,0,0,1,0,0,0,0,1],"contentsRect":{"y":0,"x":0,"width":1,"height":1},"opacity":1,"edgeAntialiasingMask":251658240,"height":1080,"hidden":false,"anchorPoint":{"pointX":0.5,"pointY":0.5}},"layers":[{"animations":[],"initialState":{"affineTransform":[1,0,0,1,0,0],"masksToBounds":false,"rotation":0,"scale":1,"position":{"pointX":924.85714721679688,"pointY":561.08016967773438},"width":1230,"sublayerTransform":[1,0,0,0,0,1,0,0,0,0,1,0,0,0,0,1],"contentsRect":{"y":0,"x":0,"width":1,"height":1},"opacity":1,"edgeAntialiasingMask":251658240,"height":784,"hidden":false,"anchorPoint":{"pointX":0.5,"pointY":0.5}},"layers":[{"animations":[],"layers":[],"texturedRectangle":{"singleTextureOpacity":1,"textXHeight":0,"shapePath":{"lineWidth":1,"flatness":0.59999999999999998,"lineCapStyle":0,"elements":[{"type":"MoveToPoint","points":[[2.857147216796875,29.080169677734375]]},{"type":"AddLine","points":[[1227.6589050292969,29.080169677734375]]},{"type":"AddLine","points":[[1227.6589050292969,773.04519653320312]]},{"type":"AddLine","points":[[2.857147216796875,773.04519653320312]]},{"type":"CloseSubpath"},{"type":"MoveToPoint","points":[[2.857147216796875,29.080169677734375]]}],"windingRule":0,"lineJoinStyle":0,"miterLimit":10},"isBackgroundTexture":true,"textBaseline":0,"isVerticalText":false,"textureType":5},"initialState":{"affineTransform":[1,0,0,1,0,0],"masksToBounds":false,"rotation":0,"scale":1,"position":{"pointX":613.14285278320312,"pointY":390.91983032226562},"width":1230,"sublayerTransform":[1,0,0,0,0,1,0,0,0,0,1,0,0,0,0,1],"contentsRect":{"y":0,"x":0,"width":1,"height":1},"opacity":1,"edgeAntialiasingMask":0,"height":784,"hidden":false,"anchorPoint":{"pointX":0.5,"pointY":0.5}},"texture":"F86E4EF3F45CBFEE7D78E80E3F464E08"}]}]},{"animations":[],"initialState":{"affineTransform":[1,0,0,1,0,0],"masksToBounds":false,"rotation":0,"scale":1,"position":{"pointX":960,"pointY":540},"width":1920,"sublayerTransform":[1,0,0,0,0,1,0,0,0,0,1,0,0,0,0,1],"contentsRect":{"y":0,"x":0,"width":1,"height":1},"opacity":1,"edgeAntialiasingMask":251658240,"height":1080,"hidden":false,"anchorPoint":{"pointX":0.5,"pointY":0.5}},"layers":[{"animations":[],"initialState":{"affineTransform":[1,0,0,1,0,0],"masksToBounds":false,"rotation":0,"scale":1,"position":{"pointX":959.2359619140625,"pointY":1038},"width":38,"sublayerTransform":[1,0,0,0,0,1,0,0,0,0,1,0,0,0,0,1],"contentsRect":{"y":0,"x":0,"width":1,"height":1},"opacity":1,"edgeAntialiasingMask":251658240,"height":26,"hidden":false,"anchorPoint":{"pointX":0.5,"pointY":0.5}},"layers":[{"animations":[],"layers":[],"texturedRectangle":{"singleTextureOpacity":1,"textXHeight":0.45969230769230768,"textBaseline":0.77754094050480771,"isBackgroundTexture":true,"isVerticalText":false,"textColor":[0,0,0,1],"textureType":6},"initialState":{"affineTransform":[1,0,0,1,0,0],"masksToBounds":false,"rotation":0,"scale":1,"position":{"pointX":19.7640380859375,"pointY":21},"width":38,"sublayerTransform":[1,0,0,0,0,1,0,0,0,0,1,0,0,0,0,1],"contentsRect":{"y":0,"x":0,"width":1,"height":1},"opacity":1,"edgeAntialiasingMask":0,"height":26,"hidden":false,"anchorPoint":{"pointX":0.5,"pointY":0.5}},"texture":"6670B6F0093F73BA911FDAD9A49B3A44"}]}]},{"animations":[],"initialState":{"affineTransform":[1,0,0,1,0,0],"masksToBounds":false,"rotation":0,"scale":1,"position":{"pointX":960,"pointY":540},"width":1920,"sublayerTransform":[1,0,0,0,0,1,0,0,0,0,1,0,0,0,0,1],"contentsRect":{"y":0,"x":0,"width":1,"height":1},"opacity":1,"edgeAntialiasingMask":251658240,"height":1080,"hidden":false,"anchorPoint":{"pointX":0.5,"pointY":0.5}},"layers":[{"animations":[],"initialState":{"affineTransform":[1,0,0,1,0,0],"masksToBounds":false,"rotation":0,"scale":1,"position":{"pointX":82.274555098970325,"pointY":1022.8724343077067},"width":134,"sublayerTransform":[1,0,0,0,0,1,0,0,0,0,1,0,0,0,0,1],"contentsRect":{"y":0,"x":0,"width":1,"height":1},"opacity":1,"edgeAntialiasingMask":251658240,"height":117,"hidden":false,"anchorPoint":{"pointX":0.5,"pointY":0.5}},"layers":[{"animations":[],"layers":[],"texturedRectangle":{"singleTextureOpacity":1,"textXHeight":0,"shapePath":{"lineWidth":1,"flatness":0.59999999999999998,"lineCapStyle":0,"elements":[{"type":"MoveToPoint","points":[[66.592138517647982,12]]},{"type":"AddLine","points":[[14,64.069645989686251]]},{"type":"AddLine","points":[[30.515662251040339,64.069645989686251]]},{"type":"AddLine","points":[[30.515662251040339,106.21193394809961]]},{"type":"AddLine","points":[[57.032158045098186,106.21193394809961]]},{"type":"AddLine","points":[[57.032158045098186,72.274411467835307]]},{"type":"AddLine","points":[[75.817397214472294,72.274411467835307]]},{"type":"AddLine","points":[[75.817397214472294,106.21193394809961]]},{"type":"AddLine","points":[[102.43186035752296,106.21193394809961]]},{"type":"AddLine","points":[[102.43186035752296,64.069645989686251]]},{"type":"AddLine","points":[[119.18427703529596,64.069645989686251]]},{"type":"AddLine","points":[[102.43186035752296,47.480508226901293]]},{"type":"AddLine","points":[[102.43186035752296,27.495169032365084]]},{"type":"AddLine","points":[[92.978011179715395,27.495169032365084]]},{"type":"AddLine","points":[[92.978011179715395,38.100134560838342]]},{"type":"AddLine","points":[[66.592138517647982,12]]},{"type":"CloseSubpath"},{"type":"MoveToPoint","points":[[66.592138517647982,12]]}],"windingRule":0,"lineJoinStyle":0,"miterLimit":10},"isBackgroundTexture":true,"textBaseline":0,"isVerticalText":false,"textureType":5},"initialState":{"affineTransform":[1,0,0,1,0,0],"masksToBounds":false,"rotation":0,"scale":1,"position":{"pointX":62.725444901029675,"pointY":52.127565692293274},"width":134,"sublayerTransform":[1,0,0,0,0,1,0,0,0,0,1,0,0,0,0,1],"contentsRect":{"y":0,"x":0,"width":1,"height":1},"opacity":1,"edgeAntialiasingMask":0,"height":117,"hidden":false,"anchorPoint":{"pointX":0.5,"pointY":0.5}},"texture":"E26F0D16FA0C4D6EE240E53F9CA85B9A"}]}]}]}},{"effects":[{"beginTime":0,"baseLayer":{"animations":[],"initialState":{"affineTransform":[1,0,0,1,0,0],"masksToBounds":false,"rotation":0,"scale":1,"position":{"pointX":960,"pointY":540},"width":1920,"sublayerTransform":[1,0,0,0,0,1,0,0,0,0,1,0,0,0,0,1],"contentsRect":{"y":0,"x":0,"width":1,"height":1},"opacity":1,"edgeAntialiasingMask":251658240,"height":1080,"hidden":false,"anchorPoint":{"pointX":0.5,"pointY":0.5}},"objectID":"0","layers":[{"animations":[],"initialState":{"affineTransform":[1,0,0,1,0,0],"masksToBounds":false,"rotation":0,"scale":1,"position":{"pointX":960,"pointY":540},"width":1920,"sublayerTransform":[1,0,0,0,0,1,0,0,0,0,1,-0.00035007912466775983,0,0,0,1],"contentsRect":{"y":0,"x":0,"width":1,"height":1},"opacity":1,"edgeAntialiasingMask":251658240,"height":1080,"hidden":false,"anchorPoint":{"pointX":0.5,"pointY":0.5}},"layers":[{"animations":[{"additive":false,"timeOffset":0,"beginTime":0,"repeatCount":0,"fillMode":"both","duration":1.5,"autoreverses":false,"animations":[{"repeatCount":0,"removedOnCompletion":true,"from":{"scalar":0.25},"timingFunction":"EaseOut","additive":false,"timeOffset":0,"autoreverses":false,"property":"opacity","fillMode":"removed","duration":1.5,"beginTime":0,"to":{"scalar":1}},{"additive":false,"timeOffset":0,"beginTime":0,"values":[{"transform":[0,0,-1,0,0,1,0,0,1,0,0,0,-960,0,960,1]},{"transform":[0.011444940665661414,0,-0.99993450452175092,0,0,1,0,0,0.99993450452175092,0,0.011444940665661414,0,-959.93712434088093,0,916.05358666842426,1]},{"transform":[0.042935662744197432,0,-0.99907783924212656,0,0,1,0,0,0.99907783924212656,0,0.042935662744197432,0,-959.11472567244152,0,795.24108458217427,1]},{"transform":[0.090788033328029691,0,-0.99587023903941851,0,0,1,0,0,0.99587023903941851,0,0.090788033328029691,0,-956.03542947784172,0,612.45375870245732,1]},{"transform":[0.15181406511182061,0,-0.98840906998783851,0,0,1,0,0,0.98840906998783851,0,0.15181406511182061,0,-948.87270718832497,0,382.10182863689857,1]},{"transform":[0.22307060841387727,0,-0.97480228952432335,0,0,1,0,0,0.97480228952432335,0,0.22307060841387727,0,-935.81019794335043,0,119.59696527727556,1]},{"transform":[0.30171296848215196,0,-0.95339880671715127,0,0,1,0,0,0.95339880671715127,0,0.30171296848215196,0,-915.26285444846519,0,-158.08446801414837,1]},{"transform":[0.38493370111098485,0,-0.92294422678133647,0,0,1,0,0,0.92294422678133647,0,0.38493370111098485,0,-886.02645771008304,0,-432.72068401233827,1]},{"transform":[0.46996694859607635,0,-0.88268401323876533,0,0,1,0,0,0.88268401323876533,0,0.46996694859607635,0,-847.37665270921468,0,-685.88533000815369,1]},{"transform":[0.55414014245852927,0,-0.83242339137967569,0,0,1,0,0,0.83242339137967569,0,0.55414014245852927,0,-799.12645572448866,0,-900.45868081283152,1]},{"transform":[0.63495633800387519,0,-0.7725480236391189,0,0,1,0,0,0.7725480236391189,0,0.63495633800387519,0,-741.6461026935541,0,-1062.2967648671554,1]},{"transform":[0.71019177876331707,0,-0.70400826513400794,0,0,1,0,0,0.70400826513400794,0,0.71019177876331707,0,-675.84793452864767,0,-1161.7290480020267,1]},{"transform":[0.77799475155842934,0,-0.62827077486346428,0,0,1,0,0,0.62827077486346428,0,0.77799475155842934,0,-603.13994386892568,0,-1194.594093851902,1]},{"transform":[0.83697359249393666,0,-0.54724327813852003,0,0,1,0,0,0.54724327813852003,0,0.83697359249393666,0,-525.35354701297922,0,-1162.6157855128358,1]},{"transform":[0.88626390694053359,0,-0.46318062055153081,0,0,1,0,0,0.46318062055153081,0,0.88626390694053359,0,-444.65339572946959,0,-1073.054117863637,1]},{"transform":[0.92556756874030266,0,-0.37858245561061737,0,0,1,0,0,0.37858245561061737,0,0.92556756874030266,0,-363.43915738619268,0,-937.70735785157831,1]},{"transform":[0.95515858815526278,0,-0.29609470017757006,0,0,1,0,0,0.29609470017757006,0,0.95515858815526278,0,-284.25091217046725,0,-771.46634448081977,1]},{"transform":[0.97585302603728663,0,-0.21842818401907457,0,0,1,0,0,0.21842818401907457,0,0.97585302603728663,0,-209.6910566583116,0,-590.70186151470375,1]},{"transform":[0.98894110357870912,0,-0.1483087780696912,0,0,1,0,0,0.1483087780696912,0,0.98894110357870912,0,-142.37642694690356,0,-411.78916180095371,1]},{"transform":[0.99607849692356232,0,-0.088473882962695538,0,0,1,0,0,0.088473882962695538,0,0.99607849692356232,0,-84.934927644187724,0,-250.04092223902205,1]},{"transform":[0.99912889739003885,0,-0.041730641022696954,0,0,1,0,0,0.041730641022696954,0,0.99912889739003885,0,-40.061415381789075,0,-119.24329482931122,1]},{"transform":[0.99993848884782222,0,-0.011091371454141605,0,0,1,0,0,0.011091371454141605,0,0.99993848884782222,0,-10.647716595975941,0,-31.882134221889643,1]},{"transform":[1,0,0,0,0,1,0,0,0,0,1,0,0,0,0,1]}],"repeatCount":0,"fillMode":"removed","duration":1.5,"autoreverses":false,"property":"transform","keyTimes":[0,0.045454545454545456,0.090909090909090912,0.13636363636363635,0.18181818181818182,0.22727272727272727,0.27272727272727271,0.31818181818181818,0.36363636363636365,0.40909090909090912,0.45454545454545453,0.5,0.54545454545454541,0.59090909090909094,0.63636363636363635,0.68181818181818177,0.72727272727272729,0.77272727272727271,0.81818181818181823,0.86363636363636365,0.90909090909090906,0.95454545454545459,1],"removedOnCompletion":true}],"removedOnCompletion":false}],"layers":[{"animations":[],"layers":[],"initialState":{"affineTransform":[1